T	 X(FCC_A1#1,AL)	X(FCC_A1#1,C)	X(FCC_A1#1,CR)	X(FCC_A1#1,FE)	X(FCC_A1#1,MN)	X(FCC_A1#1,MO)	X(FCC_A1#1,NB)	X(FCC_A1#1,NI)	X(FCC_A1#1,SI)	X(FCC_A1#1,W)
1499.85	.1244586	7.336484E-04	.02342282	.6237101	.001922604	.003960182	8.350062E-04	.2181188	.002417936	4.202969E-04
1490	.04462803	9.356569E-04	.1460335	.6198643	.001569015	.00916032	4.986213E-04	.1755433	.001748189	1.900993E-05
1480	.04490314	9.328543E-04	.1456224	.6197487	.001573247	.009155276	4.961786E-04	.1757919	.001757388	1.901891E-05
1470	.04518261	9.29959E-04	.1452096	.6196226	.001577551	.009150406	4.937472E-04	.1760479	.001766656	1.902775E-05
1460	.04546654	9.269698E-04	.1447951	.619486	.001581928	.009145716	4.913272E-04	.1763114	.001775994	1.903643E-05
1450	.04575494	9.238898E-04	.1443787	.6193398	.001586376	.009141233	4.889165E-04	.1765817	.001785403	1.904498E-05
1440	.04604799	9.207092E-04	.1439603	.6191823	.001590901	.009136919	4.865198E-04	.1768605	.001794877	1.905335E-05
1430	.04634574	9.174297E-04	.1435397	.619014	.001595501	.009132796	4.841356E-04	.1771472	.001804416	1.906154E-05
1427.768	.04641284	9.166841E-04	.1434455	.618975	.001596538	.009131902	4.836053E-04	.1772123	.001806553	1.906334E-05
1427.768	.04641284	9.166841E-04	.1434455	.618975	.001596538	.009131902	4.836053E-04	.1772123	.001806553	1.906334E-05
1420	.04739971	.001158365	.1458356	.6092538	.001701639	.01018919	6.528616E-04	.1817354	.002052154	2.123958E-05
1410	.04824578	.00149909	.1477767	.6005086	.001800806	.01126359	9.295504E-04	.1856271	.002325264	2.35343E-05
1400	.04872891	.001842775	.1489465	.5946666	.001867449	.0120415	.001265017	.1880777	.002538335	2.525959E-05
1390	.04898004	.002167833	.1496788	.5906222	.001911724	.01259687	.001648073	.1896702	.002697733	2.652836E-05
1380	.04909228	.00246594	.150154	.5876727	.001941438	.0129987	.002068306	.1907628	.00281634	2.746571E-05
1370	.04912192	.002737084	.1504694	.5854024	.001961703	.01329666	.002517494	.1915593	.002905866	2.816944E-05
1360	.0491012	.002985001	.1506802	.583567	.001975712	.01352377	.002989518	.1921739	.002974977	2.870821E-05
1350	.04904836	.0032146	.1508194	.5820204	.001985455	.01370171	.003479879	.1926715	.003029635	2.912888E-05
1346.226	.04902239	.003297512	.1508579	.5814921	.001988299	.01375922	.003668976	.192837	.003047379	2.926389E-05
1346.226	.04902239	.003297512	.1508579	.5814921	.001988299	.01375922	.003668976	.192837	.003047379	2.926389E-05
1342.73	.04891064	.002971038	.1512252	.5798176	.002001807	.01400184	.00396727	.1939422	.003132538	2.988824E-05
1342.73	.04891064	.002971038	.1512252	.5798176	.002001807	.01400184	.00396727	.1939422	.003132538	2.988824E-05
1340	.04891382	.002940409	.1512349	.5798553	.002001937	.01400189	.00393436	.1939548	.003132741	2.98894E-05
1330	.04892531	.002829778	.15127	.5799912	.002002407	.0140025	.003815115	.1940003	.003133477	2.989365E-05
1320	.04893654	.002721576	.1513043	.5801241	.002002867	.01400373	.003697933	.1940449	.003134197	2.989787E-05
1310	.04894752	.002615797	.1513378	.580254	.002003316	.01400554	.003582861	.1940884	.0031349	2.990206E-05
1300	.04895824	.002512434	.1513705	.5803809	.002003754	.01400785	.003469947	.1941309	.003135587	2.990623E-05
1290	.04896871	.002411481	.1514024	.5805048	.002004182	.01401061	.003359233	.1941724	.003136257	2.991038E-05
1280	.04897893	.002312927	.1514335	.5806257	.0020046	.01401376	.003250762	.1942129	.003136912	2.991452E-05
1270	.0489889	.002216764	.1514639	.5807437	.002005008	.01401723	.00314457	.1942525	.00313755	2.991864E-05
1260	.04899862	.00212298	.1514935	.5808587	.002005405	.01402097	.003040692	.194291	.003138173	2.992275E-05
1250	.04900809	.002031564	.1515223	.5809709	.002005793	.01402493	.002939158	.1943286	.003138779	2.992685E-05
1240	.04901731	.001942504	.1515504	.5810801	.00200617	.01402907	.002839995	.1943651	.00313937	2.993094E-05
1230	.04902629	.001855786	.1515778	.5811865	.002006537	.01403332	.002743225	.1944007	.003139945	2.993502E-05
1220	.04903503	.001771396	.1516043	.58129	.002006895	.01403767	.002648868	.1944354	.003140505	2.993909E-05
1210	.04904353	.001689321	.1516302	.5813907	.002007243	.01404205	.002556937	.1944691	.003141049	2.994315E-05
1200	.04905179	.001609545	.1516553	.5814885	.002007581	.01404645	.002467442	.1945019	.003141578	2.99472E-05
1200	.04905179	.001609545	.1516553	.5814885	.002007581	.01404645	.002467442	.1945019	.003141578	2.99472E-05
1190	.04905981	.001532052	.1516797	.5815836	.002007909	.01405082	.00238039	.1945337	.003142092	2.995123E-05
1180	.0490676	.001456827	.1517034	.5816759	.002008228	.01405515	.002295782	.1945646	.003142591	2.995525E-05
1170	.04907516	.001383851	.1517263	.5817655	.002008538	.0140594	.002213617	.1945945	.003143075	2.995926E-05
1160	.04908249	.001313109	.1517486	.5818524	.002008838	.01406357	.002133889	.1946236	.003143544	2.996325E-05
1150	.04908959	.001244582	.1517702	.5819366	.002009128	.01406762	.00205659	.1946518	.003143999	2.996722E-05
1140	.04909647	.001178252	.151791	.5820181	.00200941	.01407156	.001981707	.194679	.003144439	2.997117E-05
1130	.04910312	.0011141	.1518112	.582097	.002009682	.01407536	.001909226	.1947054	.003144865	2.997509E-05
1120	.04910955	.001052105	.1518308	.5821733	.002009946	.01407902	.001839126	.1947309	.003145277	2.997899E-05
1110	.04911576	9.922484E-04	.1518496	.582247	.0020102	.01408253	.001771389	.1947555	.003145675	2.998286E-05
1100	.04912176	9.345092E-04	.1518678	.5823182	.002010446	.01408589	.00170599	.1947793	.003146059	2.998671E-05
1090	.04912754	8.788662E-04	.1518854	.5823868	.002010683	.0140891	.001642905	.1948023	.00314643	2.999052E-05
1080	.04913311	8.252977E-04	.1519023	.582453	.002010911	.01409215	.001582104	.1948244	.003146787	2.99943E-05
1070	.04913848	7.737815E-04	.1519186	.5825166	.002011131	.01409504	.00152356	.1948456	.00314713	2.999804E-05
1060	.04914364	7.242949E-04	.1519343	.5825779	.002011342	.01409778	.00146724	.1948661	.00314746	3.000174E-05
1050	.04914859	6.768147E-04	.1519493	.5826367	.002011545	.01410037	.001413112	.1948857	.003147778	3.000541E-05
1040	.04915334	6.313171E-04	.1519638	.5826932	.00201174	.01410281	.001361142	.1949046	.003148082	3.000903E-05
1030	.0491579	5.877777E-04	.1519776	.5827473	.002011926	.0141051	.001311295	.1949227	.003148374	3.001261E-05
1020	.04916226	5.461717E-04	.1519909	.5827991	.002012105	.01410726	.001263533	.19494	.003148653	3.001614E-05
1010	.04916643	5.064733E-04	.1520036	.5828487	.002012276	.01410928	.00121782	.1949565	.00314892	3.001962E-05
1000	.04917041	4.686562E-04	.1520158	.582896	.002012439	.01411116	.001174115	.1949723	.003149175	3.002306E-05
990	.0491742	4.326933E-04	.1520273	.5829411	.002012595	.01411293	.001132379	.1949873	.003149418	3.002644E-05
980	.04917782	3.985563E-04	.1520384	.582984	.002012743	.01411457	.001092571	.1950017	.003149649	3.002977E-05
970	.04918125	3.66216E-04	.1520489	.5830248	.002012884	.0141161	.001054648	.1950153	.003149869	3.003304E-05
960	.0491845	3.35642E-04	.1520589	.5830635	.002013017	.01411753	.001018566	.1950282	.003150078	3.003625E-05
950	.04918758	3.068023E-04	.1520684	.5831002	.002013143	.01411884	9.842813E-04	.1950404	.003150275	3.00394E-05
940	.0491905	2.796632E-04	.1520774	.5831349	.002013263	.01412006	9.517462E-04	.195052	.003150462	3.004248E-05
930	.04919325	2.541893E-04	.152086	.5831676	.002013376	.01412119	9.209131E-04	.1950629	.003150638	3.00455E-05
920	.04919583	2.303429E-04	.152094	.5831984	.002013482	.01412224	8.917322E-04	.1950731	.003150803	3.004845E-05
910	.04919826	2.080841E-04	.1521016	.5832273	.002013581	.01412319	8.641519E-04	.1950827	.003150959	3.005132E-05
900	.04920054	1.873704E-04	.1521088	.5832545	.002013675	.01412408	8.381188E-04	.1950918	.003151105	3.005412E-05
890	.04920267	1.681565E-04	.1521155	.5832799	.002013762	.01412489	8.135773E-04	.1951002	.003151241	3.005683E-05
880	.04920466	1.503941E-04	.1521219	.5833036	.002013844	.01412563	7.904696E-04	.1951081	.003151369	3.005947E-05
870	.04920651	1.34032E-04	.1521278	.5833257	.00201392	.01412631	7.687361E-04	.1951155	.003151487	3.006203E-05
860	.04920824	1.190161E-04	.1521334	.5833462	.00201399	.01412693	7.483146E-04	.1951223	.003151598	3.006449E-05
850	.04920983	1.05289E-04	.1521386	.5833652	.002014056	.01412749	7.291414E-04	.1951286	.0031517	3.006687E-05
840	.04921131	9.279079E-05	.1521434	.5833828	.002014116	.01412801	7.111508E-04	.1951345	.003151795	3.006916E-05
830	.04921267	8.145884E-05	.152148	.5833991	.002014173	.01412848	6.942754E-04	.1951399	.003151882	3.007136E-05
820	.04921393	7.122843E-05	.1521522	.5834141	.002014224	.0141289	6.784469E-04	.1951449	.003151963	3.007346E-05
810	.04921509	6.203309E-05	.1521562	.583428	.002014272	.01412929	6.63596E-04	.1951495	.003152037	3.007548E-05
800	.04921616	5.380521E-05	.1521598	.5834407	.002014315	.01412964	6.496532E-04	.1951537	.003152105	3.007739E-05
790	.04921714	4.64766E-05	.1521633	.5834524	.002014356	.01412996	6.365492E-04	.1951576	.003152168	3.007922E-05
780	.04921804	3.997916E-05	.1521665	.5834632	.002014393	.01413025	6.242155E-04	.1951612	.003152226	3.008096E-05
770	.04921887	3.424553E-05	.1521695	.5834731	.002014427	.01413051	6.125849E-04	.1951645	.003152279	3.00826E-05
760	.04921963	2.92097E-05	.1521722	.5834822	.002014458	.01413075	6.01592E-04	.1951675	.003152328	3.008416E-05
750	.04922034	2.480767E-05	.1521749	.5834906	.002014487	.01413097	5.911736E-04	.1951703	.003152373	3.008562E-05
740	.04922099	2.097792E-05	.1521773	.5834984	.002014514	.01413117	5.812697E-04	.1951729	.003152414	3.008701E-05
730	.04922159	1.766189E-05	.1521796	.5835056	.002014538	.01413135	5.718228E-04	.1951753	.003152453	3.008832E-05
720	.04922215	1.480434E-05	.1521818	.5835123	.002014561	.01413152	5.627794E-04	.1951775	.003152489	3.008954E-05
720	.04922215	1.480434E-05	.1521818	.5835123	.002014561	.01413152	5.627794E-04	.1951775	.003152489	3.008954E-05
710	.04922268	1.235364E-05	.1521838	.5835186	.002014583	.01413168	5.540891E-04	.1951796	.003152523	3.00907E-05
706.9259	.04922283	1.167453E-05	.1521845	.5835204	.002014589	.01413172	5.514813E-04	.1951802	.003152533	3.009104E-05
706.9259	.04922283	1.167453E-05	.1521845	.5835204	.002014589	.01413172	5.514813E-04	.1951802	.003152533	3.009104E-05
700	.049291	1.025697E-05	.151634	.5843241	.002017372	.01369385	5.467127E-04	.1954499	.003004185	2.851415E-05
690	.04938768	8.473611E-06	.15085	.5854645	.00202132	.01307259	5.400612E-04	.1958326	.002796411	2.63897E-05
680	.04948225	6.96616E-06	.1500791	.5865805	.002025183	.0124646	5.336455E-04	.1962071	.002596281	2.442761E-05
670	.04957468	5.698496E-06	.1493218	.5876717	.00202896	.01187026	5.274248E-04	.1965731	.002403856	2.261101E-05
660	.0496649	4.638004E-06	.1485786	.5887373	.002032647	.01128991	5.213619E-04	.1969305	.002219195	2.09256E-05
650	.04975287	3.755462E-06	.1478502	.5897769	.002036243	.01072389	5.154233E-04	.197279	.002042354	1.935912E-05
640	.04983855	3.024891E-06	.147137	.5907898	.002039746	.01017252	5.095791E-04	.1976185	.001873382	1.790106E-05
630	.0499219	2.423358E-06	.1464394	.5917754	.002043154	.009636114	5.038024E-04	.1979489	.001712327	1.654233E-05
630	.0499219	2.423358E-06	.1464394	.5917754	.002043154	.009636114	5.038024E-04	.1979489	.001712327	1.654233E-05
620	.05000286	1.930765E-06	.1457581	.5927334	.002046466	.009114964	4.980694E-04	.1982698	.001559227	1.527502E-05
610	.05008141	1.529616E-06	.1450932	.593663	.00204968	.008609335	4.923589E-04	.1985812	.001414114	1.409221E-05
600	.05015751	1.204782E-06	.1444454	.5945641	.002052793	.008119467	4.866523E-04	.198883	.001277013	1.298781E-05
590	.05023112	9.432671E-07	.1438148	.595436	.002055806	.007645566	4.809332E-04	.1991749	.001147935	1.195641E-05
580	.05030224	7.339758E-07	.1432019	.5962786	.002058717	.0071878	4.751871E-04	.199457	.001026882	1.099319E-05
570	.05037083	5.674996E-07	.1426068	.5970916	.002061525	.006746294	4.694016E-04	.199729	9.138383E-04	1.009379E-05
560	.05043689	4.359094E-07	.1420298	.5978748	.00206423	.006321123	4.635656E-04	.1999911	8.087712E-04	9.254281E-06
550	.05050042	3.325661E-07	.141471	.5986282	.002066831	.005912301	4.576697E-04	.2002432	7.116254E-04	8.471039E-06
540	.05056143	2.519473E-07	.1409303	.599352	.002069329	.005519783	4.517055E-04	.2004852	6.223198E-04	7.74073E-06
530.0535	.05061962	1.897815E-07	.1404104	.6000426	.002071713	.005145417	4.456987E-04	.2007161	5.411576E-04	7.063752E-06
530.0535	.05061962	1.897815E-07	.1404104	.6000426	.002071713	.005145417	4.456987E-04	.2007161	5.411576E-04	7.063752E-06
530.0535	.05061962	1.897815E-07	.1404104	.6000426	.002071713	.005145417	4.456987E-04	.2007161	5.411576E-04	7.063752E-06
530	.3188358	.007507791	.004633868	.3319261	.003268419	.001984679	.002233013	.3234434	.002980893	.003186015
